11111111000000010000000100010011
00000000000100010010011000100011
00000000100000010010010000100011
00000001000000010000010000010011
00000000000000000000010100010011
11111110101001000010101000100011
11111110101001000010100000100011
00000000000000000000000001101111
11111111000001000010010100000011
00001111111100000000010110010011
00000100101001011100011101100011
00000000000000000000000001101111
00000000000000000000010100110111
01000000000001010010010100000011
11111111000001000010010110000011
00000000001001011001010110010011
00000000101101010000010100110011
00000000000001010010000000000111
00000000000000000001010100110111
10000000000001010010010100000011
00000000101101010000010100110011
00000000000001010010000010000111
00000000000100000111000001010011
00000000000000000001010100110111
11000000000001010010010100000011
00000000101101010000010100110011
00000000000001010010000000100111
00000000000000000000000001101111
11111111000001000010010100000011
00000000000101010000010100010011
11111110101001000010100000100011
11111010010111111111000001101111
11111111010001000010010100000011
00000000100000010010010000000011
00000000110000010010000010000011
00000001000000010000000100010011
00000000000000000000000001100111